50
50
50
50
50
50
50
50
50
50
50
50
50
50
50
50
50
50
50
50
50
50
50
50
48
47
47
45
45
39
36
35
31
31
25
24
24
23
23
20
20
20
20
20
19
19
19
19
19
19
22
27
34
34
36
36
39
39
39
39
40
43
45
47
48
47
47
48
48
47
47
48
48
50
50
52
55
59
61
63
66
67
68
69
69
70
70
70
70
71
72
74
77
77
77
79
83
84
87
88
97
108
137
140
147
151
165
166
176
187
195
210
220
230
237
240
244
249
259
264
271
280
286
294
303
314
327
345
358
365
378
386
393
405
408
414
418
421
420
424
429
437
444
444
448
457
470
476
484
493
519
557
631
644
670
686
719
730
760
778
801
829
852
864
870
871
873
874
883
885
889
898
902
907
922
930
946
964
983
978
978
983
983
972
963
951
933
908
885
861
837
810
787
769
749
725
707
679
664
640
624
609
601
596
568
547
527
515
497
478
458
439
422
399
378
357
338
322
310
309
308
290
281
272
267
260
253
243
237
230
232
227
222
216
211
205
201
199
198
198
196
194
191
188
188
184
182
180
180
178
177
179
181
187
191
193
195
200
199
201
204
204
205
204
206
210
217
220
222
226
229
234
237
240
241
245
249
256
262
263
270
274
283
289
292
299
299
304
307
316
316
322
323
319
319
320
320
320
321
322
324
324
326
336
346
355
364
374
376
385
398
408
414
419
424
438
443
447
449
452
461
460
457
463
464
464
477
486
494
493
506
514
532
546
551
557
557
567
564
564
564
571
577
575
572
569
562
557
549
548
540
535
532
532
530
533
528
525
519
517
527
528
516
515
509
508
501
493
490
486
481
483
476
460
447
438
430
426
427
428
427
418
415
414
410
410
406
402
392
389
380
379
381
367
356
351
346
341
337
336
327
320
313
305
300
291
286
284
277
270
271
274
273
272
268
266
266
266
263
261
256
252
252
248
245
248
252
253
254
253
263
265
272
280
290
293
301
305
309
312
309
307
310
323
318
323
324
320
321
325
327
326
325
326
328
328
328
331
334
334
339
342
341
346
343
344
340
346
347
349
348
351
356
355
362
374
378
382
391
393
395
400
409
423
438
453
464
466
477
483
489
485
491
491
489
490
485
496
496
499
509
503
498
495
496
492
491
489
490
487
486
482
487
486
486
481
481
479
476
478
475
475
477
470
474
472
468
468
464
461
450
446
444
436
442
448
448
442
449
444
450
442
436
421
414
407
399
386
385
378
370
367
362
352
344
338
340
334
325
324
325
325
320
315
314
309
306
303
300
295
300
293
292
283
284
290
284
286
288
289
286
282
282
282
284
289
299
299
298
302
306
307
318
325
326
333
337
339
340
344
341
333
335
330
335
329
328
327
325
330
330
330
329
331
330
332
327
323
321
318
321
324
333
338
342
341
342
341
344
347
350
352
349
348
352
359
359
367
377
376
386
386
400
418
430
435
445
443
445
456
456
462
467
472
468
462
468
469
471
472
473
467
462
456
448
453
447
441
437
431
426
426
425
426
430
426
422
423
419
417
416
414
409
406
405
404
402
402
409
408
405
402
408
419
421
425
424
427
425
423
415
418
415
410
403
399
397
394
394
388
388
382
378
376
376
372
368
364
358
352
344
340
338
336
339
340
341
340
335
335
336
333
329
334
339
340
339
336
340
333
332
330
329
333
336
343
349
345
348
352
351
348
352
347
354
351
353
352
354
353
357
364
363
358
358
359
355
358
354
357
357
358
358
362
368
364
362
363
366
367
364
362
359
361
362
356
361
361
361
364
363
358
355
358
366
371
374
375
385
389
392
390
392
393
393
392
390
388
386
384
382
380
382
379
375
374
378
386
387
397
399
398
394
399
403
403
402
399
397
400
401
400
402
396
401
402
400
407
409
402
399
403
399
397
397
398
401
404
408
409
415
412
414
412
415
412
411
408
402
399
394
397
401
396
388
383
385
384
387
387
387
389
385
379
380
381
377
381
379
380
382
376
376
372
371
374
371
371
375
379
381
372
365
363
361
361
362
355
361
365
365
370
368
369
367
366
363
368
366
366
364
361
364
360
357
356
359
358
357
352
348
350
351
350
351
348
347
347
345
345
342
345
345
341
335
340
346
349
353
359
360
366
368
361
358
356
353
357
354
357
363
364
363
365
365
368
368
371
373
367
373
374
368
373
377
383
382
382
381
378
376
375
374
375
377
378
378
376
376
372
371
375
371
365
363
367
373
380
384
389
391
392
397
401
403
405
400
403
409
408
409
408
407
408
406
398
400
403
395
398
398
393
390
398
405
410
409
409
410
408
407
398
393
389
393
393
391
388
382
383
381
381
381
379
377
373
377
378
383
386
387
385
399
393
394
394
397
399
394
383
380
380
375
368
357
353
350
351
353
353
356
354
350
353
347
343
342
345
339
343
335
330
330
332
330
329
322
326
323
323
322
322
325
328
324
328
329
327
327
339
344
342
345
344
342
346
346
350
346
352
347
351
352
351
355
354
352
359
361
364
372
374
375
380
377
375
377
380
382
383
382
379
380
380
378
379
377
378
381
379
379
386
389
387
386
382
387
385
388
389
397
394
399
396
400
398
398
398
401
408
409
411
411
403
405
407
406
397
399
402
406
409
411
421
421
413
416
416
416
409
413
413
411
408
407
400
394
394
388
388
385
379
378
378
377
376
379
372
372
375
379
379
379
376
374
372
366
364
363
354
358
356
354
348
345
350
349
345
345
342
340
338
341
340
351
352
354
360
361
358
364
